import math

inf = math.inf

tempos =  [
           [1000.0,	1000.0,	1000.0,	1000.0,	1000.0,	1000.0,	1000.0,	1000.0,	1000.0,	1000.0,	1000.0],	
           [50.0,	1000.0,	13.0,	40.0,	21.0,	2.0,	8.0,	15.0,	24.0,	37.0,	4.0],	
           [34.0,	6.0,	1000.0,	14.0,	21.0,	31.0,	21.0,	12.0,	42.0,	1.0,	9.0],	
           [48.0,	5.0,	43.0,	1000.0,	45.0,	43.0,	37.0,	28.0,	20.0,	36.0,	20.0],	
           [38.0,	44.0,	7.0,	3.0,	1000.0,	21.0,	24.0,	44.0,	48.0,	24.0,	4.0],	
           [46.0,	11.0,	46.0,	25.0,	13.0,	1000.0,	3.0,	35.0,	37.0,	22.0,	27.0],	
           [22.0,	2.0,	32.0,	29.0,	23.0,	42.0,	1000.0,	10.0,	32.0,	33.0,	31.0],	
           [41.0,	10.0,	15.0,	49.0,	44.0,	37.0,	5.0,	1000.0,	50.0,	25.0,	22.0],	
           [16.0,	12.0,	10.0,	29.0,	16.0,	50.0,	49.0,	14.0,	1000.0,	25.0,	49.0],	
           [5.0,	19.0,	49.0,	6.0,	23.0,	8.0,	16.0,	46.0,	46.0,	1000.0,	24.0],	
           [50.0,	28.0,	4.0,	50.0,	26.0,	1.0,	37.0,	23.0,	34.0,	39.0,	1000.0]
           ]
